14.446000
30.792000
7.755000
29.310000
32.351000
28.610000
4.408000
28.133000
28.380000
22.640000
0.511000
3.937000
21.048000
27.945000
17.575000
3.369000
11.998000
24.446000
13.844000
15.333000
1.254000
29.943000
29.750000
13.842000
26.598000
2.464000
26.240000
4.775000
27.403000
7.108000
10.908000
28.409000
4.968000
17.657000
14.685000
20.444000
17.549000
17.500000
22.517000
7.691000
23.388000
32.286000
10.600000
16.842000
27.416000
5.184000
29.760000
8.649000
20.671000
31.898000
28.803000
2.380000
4.250000
14.370000
12.770000
14.729000
12.818000
3.947000
0.563000
10.833000
3.525000
30.828000
16.417000
15.859000
16.857000
2.435000
5.666000
27.742000
16.528000
7.610000
7.594000
10.629000
11.549000
3.656000
17.055000
2.824000
31.415000
9.563000
31.500000
28.944000
0.491000
11.796000
10.009000
13.946000
0.054000
17.875000
11.579000
11.321000
13.779000
21.174000
9.896000
25.589000
5.586000
17.244000
12.302000
3.576000
15.466000
31.727000
12.932000
28.235000

0.000000
0.049987
0.099896
0.149649
0.199168
0.248377
0.297198
0.345557
0.393379
0.440589
0.487117
0.532891
0.577841
0.621902
0.665007
0.707092
0.748096
0.787961
0.826629
0.864046
0.900161
0.934925
0.968291
1.000217
1.030662
1.059590
1.086965
1.112759
1.136943
1.159492
1.180386
1.199608
1.217143
1.232980
1.247113
1.259536
1.270251
1.279258
1.286566
1.292182
1.296120
1.298395
1.299028
1.298040
1.295456
1.291304
1.285617
1.278427
1.269771
1.259688
1.248221
1.235412
1.221309
1.205959
1.189413
1.171724
1.152944
1.133130
1.112338
1.090626
1.068055
1.044684
1.020574
0.995788
0.970387
0.944434
0.917992
0.891125
0.863894
0.836363
0.808594
0.780649
0.752587
0.724471
0.696357
0.668305
0.640371
0.612610
0.585077
0.557822
0.530896
0.504348
0.478224
0.452568
0.427421
0.402825
0.378816
0.355428
0.332695
0.310646
0.289308
0.268705
0.248860
0.229790
0.211512
0.194039
0.177381
0.161546
0.146538
0.132360
0.119010
0.106484
0.094776
0.083877
0.073774
0.064453
0.055897
0.048086
0.040998
0.034608
0.028891
0.023817
0.019355
0.015473
0.012135
0.009306
0.006948
0.005021
0.003484
0.002296
0.001412
0.000790
0.000383
0.000147
0.000036
0.000002
-0.000000
-0.000019
-0.000100
-0.000290
-0.000635
-0.001182
-0.001975
-0.003059
-0.004477
-0.006272
-0.008484
-0.011155
-0.014322
-0.018022
-0.022290
-0.027160
-0.032664
-0.038830
-0.045687
-0.053258
-0.061568
-0.070637
-0.080482
-0.091119
-0.102561
-0.114818
-0.127898
-0.141805
-0.156541
-0.172105
-0.188494
-0.205702
-0.223717
-0.242530
-0.262123
-0.282480
-0.303580
-0.325400
-0.347912
-0.371088
-0.394898
-0.419306
-0.444276
-0.469770
-0.495746
-0.522160
-0.548967
-0.576120
-0.603568
-0.631260
-0.659143
-0.687163
-0.715263
-0.743385
-0.771471
-0.799461
-0.827295
-0.854910
-0.882246
-0.909239
-0.935827
-0.961947
-0.987536
-1.012530
-1.036868
-1.060488
-1.083328
-1.105327
-1.126427
-1.146568
-1.165692
-1.183745
-1.200671
-1.216418

8.080000
5.217000
14.529000
11.548000
11.720000
19.445000
9.355000
1.635000
20.284000
22.018000
22.643000
7.366000
32.011000
25.588000
10.688000
29.625000
25.315000
4.243000
11.945000
21.737000
16.082000
4.232000
15.559000
9.435000
29.529000
19.484000
11.209000
27.344000
32.707000
17.988000
12.394000
4.077000
21.172000
29.915000
25.504000
6.552000
11.013000
28.206000
18.966000
25.381000
31.439000
4.029000
28.637000
6.834000
0.198000
0.576000
27.743000
1.359000
3.017000
16.105000
25.236000
20.067000
7.351000
31.209000
20.856000
26.187000
23.171000
5.685000
18.620000
13.379000
3.211000
1.674000
21.947000
8.074000
3.877000
16.302000
15.537000
13.249000
30.331000
8.186000
21.031000
25.748000
21.402000
28.693000
2.226000
13.469000
20.421000
24.834000
1.757000
17.285000
4.623000
11.101000
22.884000
1.901000
9.001000
13.281000
5.539000
13.708000
17.272000
22.830000
0.077000
7.705000
26.474000
20.169000
3.169000
32.619000
19.979000
10.597000
18.010000
5.215000
