0.000000
0.199792
0.398336
0.594396
0.786757
0.974233
1.155683
1.330013
1.496193
1.653258
1.800322
1.936582
2.061324
2.173931
2.273885
2.360773
2.434286
2.494226
2.540501
2.573131
2.592239
2.598056
2.590911
2.571233
2.539541
2.496441
2.442618
2.378827
2.305888
2.224675
2.136110
2.041148
1.940773
1.835984
1.727789
1.617189
1.505175
1.392714
1.280742
1.170153
1.061792
0.956448
0.854843
0.757632
0.665391
0.578616
0.497719
0.423023
0.354762
0.293077
0.238020
0.189553
0.147548
0.111794
0.081995
0.057782
0.038710
0.024270
0.013896
0.006969
0.002825
0.000767
0.000072
-0.000001
-0.000199
-0.001270
-0.003950
-0.008954
-0.016969
-0.028643
-0.044580
-0.065327
-0.091373
-0.123137
-0.160964
-0.205123
-0.255796
-0.313082
-0.376989
-0.447435
-0.524247
-0.607161
-0.695824
-0.789796
-0.888553
-0.991492
-1.097935
-1.207136
-1.318287
-1.430525
-1.542942
-1.654589
-1.764492
-1.871654
-1.975071
-2.073737
-2.166656
-2.252854
-2.331384
-2.401342
